9238512729
6634453749
3012725355
2244785731
38575827397
28142211862
9286188784
45282244898
33449018838
28881827
8478815245
45653260570
440374970
1223333704
347886762
46933144806
6654720791
190553076
45898399100
1938697782
241156807
5696282291
32806704616
5832410830
179946391
4670568345
499395389
33145327732
5463988507
7304034593
13106503365
2333115588
45702690940
6725368318
46802095036
54831931
44766824617
38304919335
8270014445
4157603830
5933163
44275497009
864200272
12506926620
3546030364
7316356828
7432615899
3619421564
45485224405
46601040270
5813765731
2356778937
2709390636
3519286799
43407457600
47648193294
18082877138
5766169946
11670618772
291570433
48542534914
189427193
6575926913
46763481764
3676860343
1378383679
4612186713
31524037725
38723957578
2268064072
25118955578
1993271996
46412788142
224159442
44991078901
6950640097
3001289638
45656215213
7314287905
2173598499
35838251612
4326692740
588921963
6238362869
46153176706
1502603635
5320902793
315888278
41394680514
2286727205
2172517605
29121399635
44705085774
994852395
995731431
5368626965
23701291533
7371850555
32540335000
15776802057
48793155907
2257752884
5513859463
48020304268
6608065696
1643492118
47373586144
8033570267
525653155
3171193965
2990463086
44214786711
44932787032
44227388804
1558883866
13704294
33981281140
42833796469
